function K = K_lqr(L0)
%K_lqr
%    K = K_lqr(L0)

%    This function was generated by the Symbolic Math Toolbox version 23.2.
%    2025-12-04 10:20:47

t2 = L0.^2;
t3 = L0.^3;
mt1 = [L0.*(-1.753425703717416e+2)+t2.*2.575622737952739e+2-t3.*2.009051723006498e+2-2.180832908753521e-1];
mt2 = [L0.*1.220014981126991e+2-t2.*4.198012707094551e+2+t3.*4.548874493532628e+2+3.578120565326691];
mt3 = [L0.*(-1.680880346839786e+1)-t2.*1.329792960472177e+1+t3.*1.377414976005181e+1+1.243090906119066e-1];
mt4 = [L0.*1.654420554376931e+1-t2.*4.318408635019777e+1+t3.*4.16662882592744e+1+4.052394964186227e-1];
mt5 = [L0.*(-1.631425104013994e+1)+t2.*4.601488204965963e+1-t3.*4.62079991294254e+1-6.871258217981142e-1];
mt6 = [L0.*(-2.483089908055388)-t2.*1.615953195562952e+1+t3.*2.967164447877487e+1+2.916715550361032];
mt7 = [L0.*(-5.601163532476361e+1)+t2.*1.527950582820469e+2-t3.*1.523305236277061e+2-2.500799643709821];
mt8 = [L0.*(-7.361585473713571)-t2.*5.71565929142401e+1+t3.*1.023837912236673e+2+9.931518980788148];
mt9 = [L0.*(-4.811214057855649e+1)+t2.*5.492611670148897e+1-t3.*1.37154131769105e+1+1.829224169218774e+1];
mt10 = [L0.*8.466434676736981e+1-t2.*1.971181508599014e+2+t3.*1.682810060963337e+2+1.147492012281254e+1];
mt11 = [L0.*(-5.292248797528257)+t2.*4.371405551488283+t3.*8.434466192117789e-1+2.682866351022725];
mt12 = [L0.*1.087304890619804e+1-t2.*2.145703928122165e+1+t3.*1.538012868155353e+1+7.191594318934895e-1];
K = reshape([mt1,mt2,mt3,mt4,mt5,mt6,mt7,mt8,mt9,mt10,mt11,mt12],2,6);
end
